Model           Strategy              Macro F1  Accuracy |   P(0)   R(0)  F1(0) |   P(1)   R(1)  F1(1) |    TN    FP    FN    TP
---------------------------------------------------------------------------------------------------------------------------------
gemma           zero_shot_meta          0.6263    0.7485 | 0.9800  0.7350  0.8400 | 0.2706  0.8678  0.4126 |  785   283    16   105
gemma           zero_shot_intent        0.6033    0.7384 | 0.9644  0.7360  0.8348 | 0.2460  0.7603  0.3717 |  786   282    29    92
gemma           zero_shot               0.5952    0.7241 | 0.9672  0.7172  0.8237 | 0.2393  0.7851  0.3668 |  766   302    26    95
gemma           zero_shot_peer          0.5840    0.7233 | 0.9567  0.7247  0.8247 | 0.2263  0.7107  0.3433 |  774   294    35    86
gemma           zero_shot_aggressive    0.5682    0.6770 | 0.9763  0.6564  0.7850 | 0.2208  0.8595  0.3514 |  701   367    17   104
gemma           few_shot_meta           0.5208    0.5938 | 1.0000  0.5478  0.7078 | 0.2003  1.0000  0.3338 |  585   483     0   121
gemma           few_shot                0.5113    0.5870 | 0.9898  0.5459  0.7037 | 0.1917  0.9504  0.3190 |  583   485     6   115
gemma           few_shot_peer           0.5076    0.5778 | 0.9965  0.5318  0.6935 | 0.1922  0.9835  0.3216 |  568   500     2   119

mistral         few_shot_peer           0.5801    0.7107 | 0.9617  0.7060  0.8143 | 0.2247  0.7521  0.3460 |  754   314    30    91
mistral         few_shot                0.5481    0.6526 | 0.9726  0.6311  0.7655 | 0.2056  0.8430  0.3306 |  674   394    19   102
mistral         few_shot_meta           0.5458    0.6274 | 1.0000  0.5852  0.7383 | 0.2145  1.0000  0.3533 |  625   443     0   121
mistral         zero_shot               0.4743    0.5332 | 0.9942  0.4831  0.6503 | 0.1761  0.9752  0.2984 |  516   552     3   118
mistral         zero_shot_peer          0.4435    0.4912 | 0.9936  0.4363  0.6064 | 0.1639  0.9752  0.2806 |  466   602     3   118
mistral         zero_shot_aggressive    0.4528    0.5038 | 0.9938  0.4504  0.6198 | 0.1674  0.9752  0.2857 |  481   587     3   118
mistral         zero_shot_intent        0.4360    0.4811 | 0.9934  0.4251  0.5954 | 0.1612  0.9752  0.2767 |  454   614     3   118
mistral         zero_shot_meta          0.4216    0.4609 | 0.9954  0.4017  0.5724 | 0.1570  0.9835  0.2708 |  429   639     2   119

qwen            zero_shot_meta          0.5988    0.7065 | 0.9878  0.6816  0.8066 | 0.2478  0.9256  0.3909 |  728   340     9   112
qwen            zero_shot_intent        0.5945    0.7023 | 0.9864  0.6779  0.8036 | 0.2440  0.9174  0.3854 |  724   344    10   111
qwen            zero_shot_peer          0.5478    0.6400 | 0.9863  0.6077  0.7520 | 0.2109  0.9256  0.3436 |  649   419     9   112
qwen            zero_shot               0.5257    0.6089 | 0.9871  0.5721  0.7244 | 0.1982  0.9339  0.3271 |  611   457     8   113
qwen            few_shot_meta           0.5276    0.6030 | 1.0000  0.5581  0.7163 | 0.2040  1.0000  0.3389 |  596   472     0   121
qwen            zero_shot_aggressive    0.4904    0.5534 | 0.9981  0.5037  0.6696 | 0.1846  0.9917  0.3113 |  538   530     1   120
qwen            few_shot_peer           0.4403    0.4844 | 1.0000  0.4260  0.5975 | 0.1649  1.0000  0.2830 |  455   613     0   121
qwen            few_shot                0.4144    0.4500 | 1.0000  0.3876  0.5587 | 0.1561  1.0000  0.2701 |  414   654     0   121

llama           zero_shot_intent        0.4367    0.4886 | 0.9772  0.4410  0.6077 | 0.1556  0.9091  0.2657 |  471   597    11   110
llama           few_shot_meta           0.4201    0.4575 | 1.0000  0.3961  0.5674 | 0.1580  1.0000  0.2728 |  423   645     0   121
llama           zero_shot_meta          0.4150    0.4550 | 0.9861  0.3989  0.5680 | 0.1519  0.9504  0.2620 |  426   642     6   115
llama           zero_shot_aggressive    0.4139    0.4500 | 0.9976  0.3886  0.5593 | 0.1552  0.9917  0.2685 |  415   653     1   120
llama           zero_shot               0.3948    0.4256 | 0.9949  0.3624  0.5312 | 0.1487  0.9835  0.2584 |  387   681     2   119
llama           zero_shot_peer          0.4027    0.4365 | 0.9926  0.3755  0.5448 | 0.1503  0.9752  0.2605 |  401   667     3   118
llama           few_shot_peer           0.3702    0.3928 | 1.0000  0.3240  0.4894 | 0.1435  1.0000  0.2510 |  346   722     0   121
llama           few_shot                0.3174    0.3280 | 1.0000  0.2519  0.4024 | 0.1315  1.0000  0.2325 |  269   799     0   121
llama_lora      fine_tuned              0.7437    0.9066 | 0.9476  0.9485  0.9481 | 0.5417  0.5372  0.5394 | 1013    55    56    65
llama_lorma+    fine_tuned              0.5564    0.8932 | 0.9067  0.9822  0.9429 | 0.4062  0.1074  0.1699 | 1049    19   108    13
llama_lormakaim fine_tuned              0.7285    0.9033 | 0.9433  0.9494  0.9463 | 0.5263  0.4959  0.5106 | 1014    54    61    60